 0.3000 24.0000 5
 0.3100 22.4132 4.8387
 0.3200 20.9727 4.6875
 0.3300 19.6612 4.5455
 0.3400 18.4637 4.4118 
 0.3500 17.3673 4.2857
 0.3600 16.3611 4.1667
 0.3700 15.4354 4.0541
 0.3800 14.5817 3.9474
 0.3900 13.7929 3.8462
 0.4000 13.0625 3.7500
 0.4100 12.3849 3.6849
 0.4200 11.7551 3.5714
 0.4300 11.1687 3.4884
 0.4400 10.6219 3.4091
 0.4500 10.1111 3.3333
 0.4600 9.6333 3.2609
 0.4700 9.1856 3.1915
 0.4800 8.7656 3.1250
 0.4900 8.3711 3.0612
 0.5000 8.0000 3.0000
 0.5100 7.6505 2.9412
 0.5200 7.3210 2.8846
 0.5300 7.0100 2.8302
 0.5400 6.7160 2.7778
 0.5500 6.4380 2.7273
 0.5600 6.1747 2.6786
 0.5700 5.9252 2.6316
 0.5800 5.6885 2.5862
 0.5900 5.4637 2.5424
 0.6000 5.2500 2.5
 0.6100 5.0468 2.4590
 0.6200 4.8533 2.4194
 0.6300 4.6689 2.3810
 0.6400 4.4932 2.3438
 0.6500 4.3254 2.3077
 0.6600 4.1653 2.2727 
 0.6700 4.0123 2.2388
 0.6800 4.8659 2.2059
 0.6900 3.7259 2.1739
 0.7000 3.5918 2.1429