 0.2500 18.36 4.4
 0.2600 16.8994 4.2308
 0.2700 15.5981 4.0741
 0.2800 14.4337 3.9286
 0.2900 13.3876 3.7931
 0.3000 12.4444 3.6667
 0.3100 11.5911 3.5484
 0.3200 10.8164 3.4375
 0.3300 10.1111 3.3333
 0.3400 9.4671 3.2353
 0.3500 8.8776 3.1429
 0.3600 8.3364 3.0556
 0.3700 7.8386 2.9730
 0.3800 7.3795 2.8947
 0.3900 6.9556 2.8205
 0.4000 6.5625 2.7500
 0.4100 6.1981 2.6829
 0.4200 5.8594 2.6190
 0.4300 5.5441 2.5581
 0.4400 5.25 2.5
 0.4500 4.9753 2.4444
 0.4600 4.7183 2.3913
 0.4700 4.4776 2.3404
 0.4800 4.2517 2.2917
 0.4900 4.0396 2.2449
 0.5000 3.84 2.2000
 0.5100 3.6521 2.1569
 0.5200 3.4749 2.1154
 0.5300 3.3076 2.0755
 0.5400 3.1495 2.037
 0.5500 3.0000 2.000
 0.5600 2.8584 1.9643
 0.5700 2.7242 1.9298
 0.5800 2.5969 1.8966
 0.5900 2.4760 1.8644
 0.6000 2.3611 1.8333