 0.2000 19.2500 4.5
 0.2100 17.3673 4.2857
 0.2200 15.7355 4.0909
 0.2300 14.3119 3.9130
 0.2400 13.0625 3.75
 0.2500 11.9600 3.6
 0.2600 10.9822 3.4615
 0.2700 10.1111 3.3333
 0.2800 9.3316 3.2143
 0.2900 8.6314 3.1034
 0.3000 8.0000 3.000
 0.3100 7.4287 2.9032
 0.3200 6.9102 2.8125
 0.3300 6.4380 2.7273
 0.3400 6.0069 2.6471
 0.3500 5.6122 2.5714
 0.3600 5.2500 2.5
 0.3700 4.9167 2.4324
 0.3800 4.6094 2.3684
 0.3900 4.3254 2.3077
 0.4000 4.0625 2.2500
 0.4100 3.8186 2.1951
 0.4200 3.5918 2.1429
 0.4300 3.3807 2.0930
 0.4400 3.1839 2.0455
 0.4500 3.0000 2.0000
 0.4600 2.8280 1.9565
 0.4700 2.6668 1.9149
 0.4800 2.5156 1.8750
 0.4900 2.3736 1.8367
 0.5000 2.2400 1.8000
 0.5100 2.1142 1.7647
 0.5200 1.9956 1.7308
 0.5300 1.8839 1.6981
 0.5400 1.7778 1.6667
 0.5500 1.6777 1.6364
 0.5600 1.5829 1.6071
 0.5700 1.4931 1.5789
 0.5800 1.4078 1.5517
 0.5900 1.3269 1.5254
 0.6000 1.2500 1.5000
