 0.1000 32.2929 5.7700
 0.1100 26.5148 5.2455
 0.1200 22.1201 4.8083
 0.1300 18.6700 4.4385
 0.1400 15.9862 4.1214
 0.1500 13.3797 3.8467
 0.1600 12.0050 3.6063
 0.1700 10.5200 3.3941
 0.1800 9.2756 3.2056
 0.1900 8.2224 3.0368
 0.2000 7.3232 2.8850
 0.2100 6.5494 2.7476
 0.2200 5.8787 2.6227
 0.2300 5.2936 2.5087
 0.2400 4.7800 2.4042
 0.2500 4.3269 2.3080
 0.2600 3.9250 2.2192
 0.2700 3.5669 2.1370
 0.2800 3.2465 2.0607
 0.2900 2.9587 1.9897
 0.3000 2.6992 1.9233
 0.3100 2.4644 1.8613
 0.3200 2.2513 1.8031
 0.3300 2.0572 1.7485
 0.3400 1.8800 1.6971
 0.3500 1.7178 1.6486
 0.3600 1.5689 1.6028
 0.3700 1.4319 1.5595
 0.3800 1.3056 1.5184
 0.3900 1.1889 1.4795
 0.4000 1.0808 1.4425
 0.4100 0.9805 1.4073
 0.4200 0.8874 1.3738
 0.4300 0.8006 1.3419
 0.4400 0.7197 1.3114
 0.4500 0.6441 1.2822
 0.4600 0.5734 1.2543
 0.4700 0.5071 1.2277
 0.4800 0.4450 1.2021
 0.4900 0.3866 1.1776
 0.5000 0.3317 1.1540
 0.5100 0.2800 1.1214
 0.5200 0.2312 1.1096
 0.5300 0.1852 1.0887
 0.5400 0.1417 1.0685
 0.5500 0.1006 1.0491
 0.5600 0.0616 1.0304
 0.5700 0.0247 1.0123