 0.2000 1.0000 5.8980 3.3686 0
 0.2100 1.0000 5.3339 3.1518 0
 0.2200 1.0000 4.8457 2.9521 0
 0.2300 1.0000 4.4204 2.7674 0
 0.2400 1.0000 4.0478 2.5960 0
 0.2500 1.0000 3.7114 2.4366 0
 0.2600 1.0000 3.4286 2.2883 0
 0.2700 1.0000 3.1699 2.1503 0
 0.2800 1.0000 2.9388 2.0220 0
 0.2900 1.0000 2.7315 1.9031 0
 0.3000 1.0000 2.5448 1.7932 0
 0.3100 1.0000 2.3761 1.6922 0
 0.3200 1.0000 2.2233 1.6000 0
 0.3300 1.0000 2.0843 1.5162 0
 0.3400 1.0000 1.9576 1.4406 0
 0.3500 1.0000 1.8419 1.3728 0
 0.3600 1.0000 1.7357 1.3122 0
 0.3700 1.0000 1.6392 1.2583 0
 0.3800 1.0000 1.5484 1.2104 0.01
 0.3900 1.0000 1.4656 1.1679 0.06
 0.4000 1.0000 1.3890 1.1302 0.14
 0.4100 1.0000 1.3181 1.0966 0.24
 0.4200 1.0000 1.2523 1.0667 0.37
 0.4300 1.0000 1.1911 1.0399 0.51
 0.4400 1.0000 1.1341 1.0160 0.66
 0.4500 1.0000 1.0809 0.9944 0.82
 0.4600 1.0000 1.0313 0.9750 1
 0.4700 1.0000 0.9849 0.9574 1.17
 0.4800 1.0000 0.9414 0.9415 1.36
 0.4900 1.0000 0.9006 0.9270 1.55
 0.5000 1.0000 0.8622 0.9137 1.74
 0.5100 1.0000 0.8262 0.9015 1.93
 0.5200 1.0000 0.7923 0.8904 2.13
 0.5300 1.0000 0.7603 0.8801 2.33
 0.5400 1.0000 0.7302 0.8706 2.53
 0.5500 1.0000 0.7017 0.8619 2.73
 0.5600 1.0000 0.6747 0.8537 2.93
 0.5700 1.0000 0.6493 0.8462 3.13
 0.5800 1.0000 0.6251 0.8391 3.33
 0.5900 1.0000 0.6022 0.8325 3.53
 0.6000 1.0000 0.5805 0.8264 3.73
 0.6100 1.0000 0.5599 0.8206 3.93
 0.6200 1.0000 0.5403 0.8152 4.12
 0.6300 1.0000 0.5216 0.8102 4.32
 0.6400 1.0000 0.5038 0.8054 4.51
 0.6500 1.0000 0.4860 0.8009 4.70
 0.6600 1.0000 0.4708 0.7967 4.90
 0.6700 1.0000 0.4554 0.7926 5.09
 0.6800 1.0000 0.4407 0.7889 5.27
 0.6900 1.0000 0.4267 0.7853 5.46
 0.7000 1.0000 0.4133 0.7819 5.65