 0.1500 21.2155 4.7133
 0.1600 18.5254 4.4188
 0.1700 16.2958 4.1588
 0.1800 14.4274 3.9278
 0.1900 12.8462 3.7210
 0.2000 11.4962 3.5350
 0.2100 10.3344 3.3667
 0.2300 8.4489 3.0739
 0.2400 7.6779 2.9458
 0.2500 6.9976 2.8280
 0.2600 6.3942 2.1792
 0.2700 5.8566 2.6185
 0.2800 5.3756 2.5250
 0.2900 4.9435 2.2379
 0.3000 4.5539 2.3567
 0.3100 4.2013 2.2806
 0.3200 3.8813 2.2094
 0.3300 3.5900 2.1424
 0.3400 3.3240 2.0200
 0.3500 3.0804 2.0200
 0.3600 2.8569 1.9639
 0.3700 2.6512 1.9108
 0.3800 2.4616 1.8605
 0.3900 2.2863 1.8128
 0.4000 2.1241 1.7675
 0.4100 1.9735 1.7244
 0.4200 1.8336 1.6833
 0.4300 1.7033 1.6442
 0.4400 1.5819 1.6068
 0.4500 1.4684 1.5711
 0.4600 1.3622 1.5370
 0.4700 1.2628 1.5043
 0.4800 1.1695 1.4729
 0.4900 1.0818 1.4429
 0.5000 0.9994 1.4140
 0.5100 0.9218 1.3863
 0.5200 0.8486 1.3596
 0.5300 0.7795 1.3340
 0.5400 0.7142 1.3093
 0.5500 0.6524 1.2855
 0.5600 0.5939 1.2625
 0.5700 0.5385 1.2404
 0.5800 0.4859 1.2190
 0.5900 0.4359 1.1983
 0.6000 0.3885 1.1783