 0.1000 24.0000 5
 0.1200 16.3611 4.1667
 0.1300 13.7929 3.8462
 0.1400 11.7551 3.6
 0.1500 10.1111 3.3333
 0.1600 8.7656 3.1250
 0.1700 7.6505 2.9412
 0.1800 6.7161 2.7778
 0.1900 5.9252 2.6316
 0.2000 5.2500 2.5
 0.2100 4.6689 2.3810
 0.2200 4.1653 2.2727
 0.2300 3.7259 2.1739
 0.2400 3.3403 2.0833
 0.2500 3.0000 2.0000
 0.2600 2.6982 1.9231
 0.2700 2.4294 1.8519
 0.2800 2.1888 1.7857
 0.2900 1.9727 1.7241
 0.3000 1.7778 1.6667
 0.3100 1.6015 1.6129
 0.3200 1.4414 1.5625
 0.3300 1.2957 1.5152
 0.3400 1.1626 1.4706
 0.3500 1.0408 1.4286
 0.3600 0.9290 1.3889
 0.3700 0.8262 1.3514
 0.3800 0.7313 1.3158
 0.3900 0.6437 1.2821
 0.4000 0.5625 1.2500
 0.4100 0.4872 1.2195
 0.4200 0.4172 1.1905
 0.4300 0.3521 1.1628
 0.4400 0.2913 1.1364
 0.4500 0.2346 1.1111
 0.4600 0.1815 1.0870
 0.4700 0.1317 1.0638
 0.4800 0.0851 1.0417
 0.4900 0.0412 1.0204