 0.2500 15.0000 4
 0.2600 13.7929 3.8462
 0.2700 12.7174 3.7037
 0.2800 11.7551 3.5714
 0.2900 10.8906 3.4483
 0.3000 10.1111 3.3333
 0.3100 9.4058 3.2258
 0.3200 8.7656 3.1250
 0.3300 8.1827 3.0303
 0.3400 7.6505 2.9412
 0.3500 7.1633 2.8571
 0.3600 6.7160 2.7778
 0.3700 6.3046 2.7027
 0.3800 5.9252 2.6316
 0.3900 5.5746 2.5641
 0.4000 5.2500 2.5
 0.4100 4.9488 2.439
 0.4200 4.6689 2.381
 0.4300 4.4083 2.3256
 0.4400 4.1653 2.2727
 0.4500 3.9353 2.2222
 0.4600 3.7259 2.1739
 0.4700 3.5269 2.1277
 0.4800 3.3403 2.0833
 0.4900 3.1649 2.0408
 0.5000 3.0000 2.000
 0.5100 2.8447 1.9608
 0.5200 2.6982 1.9231
 0.5300 2.5600 1.8868
 0.5400 2.4294 1.8519
 0.5500 2.3058 1.8182
 0.5600 2.1888 1.7857
 0.5700 2.0779 1.7544
 0.5800 1.9727 1.7241
 0.5900 1.8727 1.6949
 0.6000 1.7778 1.6667
