 0.2500 22.0400 4.8000
 0.2600 20.3018 4.6154
 0.2700 18.7531 4.4444
 0.2800 17.3673 4.2857
 0.2900 16.1225 4.1379
 0.3000 15.0000 4.0000
 0.3100 13.9844 3.8410
 0.3200 13.0625 3.7500
 0.3300 12.2231 3.6364
 0.3400 11.4567 3.5294
 0.3500 10.7551 3.4286
 0.3600 10.1111 3.3333
 0.3700 9.5186 3.2432
 0.3800 8.9723 3.1579
 0.3900 8.4675 3.0769
 0.4000 8.0000 3.0000
 0.4100 7.5663 2.9268
 0.4200 7.1693 2.8571
 0.4300 6.7880 2.7907
 0.4400 6.4380 2.7273
 0.4500 6.1111 2.6667
 0.4600 5.8053 2.6087
 0.4700 5.5188 2.5532
 0.4800 5.2500 2.5000
 0.4900 4.9975 2.4490
 0.5000 4.7600 2.4000
 0.5100 4.5363 2.3539
 0.5200 4.3254 2.3077
 0.5300 4.1263 2.2642
 0.5400 3.9383 2.2222
 0.5500 3.7603 2.1818
 0.5600 3.5918 2.1429
 0.5700 3.4321 2.1053
 0.5800 3.2806 2.0690
 0.5900 3.1367 2.0339
 0.6000 3.0000 2.0000
 0.6100 2.8699 1.9672
 0.6200 2.7461 1.9355
 0.6300 2.6281 1.9048
 0.6400 2.5156 1.8750
 0.6500 2.4083 1.8462