 0.2000 1.0000 5.4444 3.5401 0
 0.2100 1.0000 4.9031 3.3255 0
 0.2200 1.0000 4.4355 3.1280 0
 0.2300 1.0000 4.0290 2.9454 0
 0.2400 1.0000 3.6736 2.7761 0
 0.2500 1.0000 3.3611 2.6186 0
 0.2600 1.0000 3.0859 2.4718 0
 0.2700 1.0000 2.8399 2.3347 0
 0.2800 1.0000 2.6213 2.2068 0
 0.2900 1.0000 2.4257 2.0873 0
 0.3000 1.0000 2.2500 1.9759 0
 0.3100 1.0000 2.0916 1.8724 0
 0.3200 1.0000 1.9484 1.7763 0
 0.3300 1.0000 1.8114 1.6876 0
 0.3400 1.0000 1.7002 1.6060 0
 0.3500 1.0000 1.5924 1.5313 0
 0.3600 1.0000 1.4938 1.4632 0
 0.3700 1.0000 1.4035 1.4014 0
 0.3800 1.0000 1.3205 1.3456 0
 0.3900 1.0000 1.2441 1.2952 0
 0.4000 1.0000 1.1736 1.2499 0
 0.4100 1.0000 1.1085 1.2091 0.0100
 0.4200 1.0000 1.0482 1.1724 0.0500
 0.4300 1.0000 0.9923 1.1394 0.1200
 0.4400 1.0000 0.9403 1.1096 0.2000
 0.4500 1.0000 0.8920 1.0828 0.3000
 0.4600 1.0000 0.8469 1.0585 0.4100
 0.4700 1.0000 0.8049 1.0365 0.5300
 0.4800 1.0000 0.7656 1.0165 0.6600
 0.4900 1.0000 0.7289 0.9983 0.7900
 0.5000 1.0000 0.6944 0.9815 0.9300
 0.5100 1.0000 0.6621 0.9663 1.0800
 0.5200 1.0000 0.6318 0.9523 1.2300
 0.5300 1.0000 0.6033 0.9394 1.3800
 0.5400 1.0000 0.5765 0.9275 1.5400
 0.5500 1.0000 0.5512 0.9165 1.7000
 0.5600 1.0000 0.5274 0.9063 1.8600
 0.5700 1.0000 0.5048 0.8968 2.0200
 0.5800 1.0000 0.4836 0.8880 2.1800
 0.5900 1.0000 0.4635 0.8797 2.3400
 0.6000 1.0000 0.4444 0.8720 2.5000
 0.6100 1.0000 0.4264 0.8649 2.6600
 0.6200 1.0000 0.4093 0.8581 2.8200
 0.6300 1.0000 0.3931 0.8518 2.9800
 0.6400 1.0000 0.3777 0.8458 3.1400
 0.6500 1.0000 0.3631 0.8402 3.3000
 0.6600 1.0000 0.3492 0.8349 3.4600
 0.6700 1.0000 0.3359 0.8299 3.6100
 0.6800 1.0000 0.3233 0.8252 3.7700
 0.6900 1.0000 0.3113 0.8207 3.9200
 0.7000 1.0000 0.2999 0.8165 4.0800