 0.2000 15.0000 4.0000
 0.2100 13.5125 3.8095
 0.2200 12.2231 3.6364
 0.2300 11.0983 3.4783
 0.2400 10.1111 3.3333
 0.2500 9.2400 3.2000
 0.2600 8.4675 3.0769
 0.2700 7.7791 2.9630
 0.2800 7.1633 2.8571
 0.2900 6.6100 2.7586
 0.3000 6.1111 2.6667
 0.3100 5.6597 2.5806
 0.3200 5.2500 2.5000
 0.3300 4.8770 2.4242
 0.3400 4.5363 2.3629
 0.3500 4.2245 2.2857
 0.3600 3.9383 2.2222
 0.3700 3.6749 2.1622
 0.3800 3.4321 2.1053
 0.3900 3.2078 2.0513
 0.4000 3.0000 2.0000
 0.4100 2.8073 1.9512
 0.4200 2.6281 1.9048
 0.4300 2.4613 1.8605
 0.4400 2.3058 1.8182
 0.4500 2.1605 1.7778
 0.4600 2.0246 1.7391
 0.4700 1.8972 1.7021
 0.4800 1.7778 1.6667
 0.4900 1.6656 1.6327
 0.5000 1.5600 1.6000
 0.5100 1.4606 1.5686
 0.5200 1.3669 1.5385
 0.5300 1.2784 1.5094
 0.5400 1.1948 1.4815
 0.5500 1.1157 1.4545
 0.5600 1.0408 1.4286
 0.5700 0.9698 1.4035
 0.5800 0.9025 1.3793
 0.5900 0.8386 1.3559
 0.6000 0.7778 1.3333